3,2
3,1
3,3
10,280
10,290
10,124
10,192
10,292
10,206
10,282
10,126
10,2
10,3
11,16
8,10
8,8
8,14
8,16
8,2
47,3
47,2
47,1
47,0
46,3
46,2
46,1
46,0
45,5
45,4
45,3
45,2
45,1
45,0
42,3
42,2
42,1
42,0
41,4
41,3
41,2
41,1
41,0
40,4
40,3
40,2
40,1
40,0
36,4
36,3
36,2
36,1
36,0
33,4
33,3
33,2
33,1
33,0
30,4
30,1
20,3
20,2
20,1
19,3
19,2
19,1
12,3
12,2
12,1
11,29
11,28
11,27
11,26
11,25
11,24
11,23
11,22
11,21
11,20
11,19
11,18
11,15
18,1
11,14
18,3
11,13
11,12
11,10
11,9
11,8
11,6
14,1
11,5
14,3
11,4
11,3
13,1
11,2
13,3
11,1
10,312
10,311
10,310
10,308
10,306
10,300
10,296
